# Caballo de Simón Bolivar
Lat: 7.137734  -->  7,08,15.8,N
Lon: -73.120376  -->  73,07,13.4,W
